[
  1,
  2,
  3,
  4,
  5,
  6,
  7,
  8,
  9,
  10,
  11,
  12,
  12,
  12,
  12,
  16,
  16,
  17,
  18,
  20,
  20,
  21,
  21,
  20,
  20,
  20,
  24,
  24,
  24,
  24,
  24,
  24,
  25,
  24,
  24,
  30,
  30,
  30,
  30,
  30,
  30,
  30,
  30,
  30,
  30,
  30,
  30,
  30,
  30,
  30,
  30,
  30,
  30,
  30,
  30,
  30,
  30,
  30,
  30,
  30,
  30,
  30,
  30,
  30,
  30,
  30,
  30,
  30,
  30,
  30,
  30,
  30,
  30,
  30,
  30,
  30,
  30,
  30,
  30,
  30,
  30,
  30,
  30,
  30,
  30,
  30,
  30,
  30,
  30,
  30,
  30,
  30,
  30,
  30,
  30,
  30
]