[
  1,
  2,
  3,
  4,
  5,
  6,
  7,
  8,
  9,
  9,
  6,
  11,
  12,
  13,
  14,
  14,
  14,
  14,
  15,
  15,
  18,
  18,
  14,
  14,
  21,
  21,
  22,
  22,
  22,
  22,
  22,
  23,
  23,
  23,
  23,
  23,
  23,
  26,
  23,
  26,
  26,
  26,
  26,
  26,
  26,
  26,
  26,
  26,
  26,
  30,
  30,
  30,
  30,
  26,
  26,
  26,
  26,
  26,
  30,
  26,
  26,
  26,
  26,
  26,
  26,
  30,
  30,
  30,
  30,
  30,
  26,
  30,
  26,
  26,
  30,
  26,
  26,
  30,
  26,
  26,
  26,
  26,
  26,
  30,
  30,
  26,
  26,
  30,
  26,
  26,
  26,
  26,
  26,
  26,
  26,
  26
]