[
  1,
  2,
  3,
  4,
  5,
  6,
  7,
  8,
  9,
  11,
  11,
  12,
  13,
  14,
  15,
  16,
  16,
  22,
  20,
  20,
  21,
  22,
  22,
  22,
  25,
  31,
  31,
  32,
  32,
  32,
  32,
  32,
  31,
  31,
  31,
  31,
  31,
  31,
  31,
  32,
  32,
  32,
  32,
  32,
  32,
  32,
  32,
  32,
  32,
  32,
  32,
  32,
  32,
  32,
  32,
  32,
  32,
  32,
  32,
  32,
  32,
  32,
  32,
  32,
  32,
  32,
  32,
  32,
  32,
  32,
  32,
  32,
  32,
  32,
  32,
  32,
  32,
  32,
  32,
  32,
  32,
  32,
  32,
  32,
  32,
  32,
  32,
  32,
  32,
  32,
  32,
  32,
  32,
  32,
  32,
  32
]